50983, 4.9
55942, 4.7
58552, 9.0
60437, 8.5
61290, 4.8
61295, 4.8
61310, 4.8
61348, 4.8
61383, 8.5
61913, 9.9
63444, 8.8
64826, 9.8
64828, 9.8
64875, 9.5
65194, 10.6
68108, 9.4
79220, 9.0
79225, 9.0
84687, 6.1
84828, 6.1
86196, 7.9
86209, 13.3
89711, 9.9
89732, 8.2
89734, 9.9
91014, 9.9
93666, 9.6
93667, 9.6
93708, 9.6
93719, 9.6
93753, 9.6
93833, 9.6
93836, 9.6
97920, 12.4
102064, 10.6
103279, 11.3
111936, 9.6
113412, 6.4
114099, 12.0
114103, 11.5
117228, 9.1
117396, 9.1
118265, 8.6
126462, 12.8
129378, 12.8
129441, 12.1
129607, 9.5
129739, 9.5
133341, 11.7
134167, 9.8
134316, 11.1
136759, 11.4
136789, 11.4
136901, 11.4
138125, 11.4
138680, 12.1
139949, 9.4
139951, 9.4
140097, 11.2
141298, 12.2
141843, 12.3
141984, 12.3
142178, 11.5
142230, 12.3
143656, 11.4
147591, 8.5
156067, 9.3
157326, 11.5
157684, 9.3
160791, 8.3
163323, 12.2
163375, 12.3
163445, 12.3
163620, 11.6
168841, 10.8
169690, 9.8
169740, 9.8
169755, 9.8
169866, 9.8
171429, 10.0
171493, 10.0
171544, 10.0
172350, 8.7
172425, 8.7
173256, 12.1
173618, 12.7
173700, 9.3
173751, 11.9
173858, 12.7
174080, 12.7
174492, 9.8
174766, 12.1
174767, 11.9
174770, 11.8
174771, 12.1
183562, 11.9
183575, 11.9
183621, 10.8
183703, 11.6
184393, 11.6
184595, 8.8
184597, 8.8
184880, 10.8
186922, 10.1
188760, 12.1
190668, 8.4
192210, 12.1
192254, 12.1
193328, 11.9
195397, 11.8
197563, 10.9
201035, 10.4
204616, 10.4
205168, 10.4
205517, 11.2
205564, 11.2
205615, 11.2
205754, 11.2
205780, 11.2
206269, 11.2
206838, 11.2
207430, 7.7
207586, 12.2
210132, 13.3
210134, 13.0
210285, 11.0
210730, 11.0
212147, 11.0
212502, 11.5
212528, 11.5
212784, 7.4
213552, 11.8
213888, 8.7
214501, 12.2
214591, 9.7
214595, 9.7
216378, 10.6
216403, 11.6
216427, 9.0
216769, 11.6
216858, 10.7
219649, 11.4
219723, 11.0
220263, 11.9
221225, 11.5
221236, 9.7
223789, 11.3
225740, 7.8
226020, 13.0
226032, 13.0
226113, 13.0
226225, 13.0
226295, 13.0
226460, 13.0
226486, 13.0
226549, 13.0
227000, 11.0
227699, 13.0
228626, 11.3
229552, 10.2
229957, 10.9
230131, 11.0
232955, 11.4
233103, 11.9
233365, 13.0
233420, 13.0
233513, 13.0
233962, 8.5
234433, 13.0
236559, 9.4
236819, 11.9
237169, 12.5
237210, 12.5
237251, 12.5
237636, 11.2
237903, 9.6
237937, 9.6
237973, 9.6
238801, 10.7
238882, 10.7
239916, 12.7
239941, 12.7
239956, 12.7
240011, 12.7
240071, 12.7
240400, 11.7
240659, 11.7
240951, 10.5
242843, 11.5
243241, 9.5
243291, 9.5
243343, 9.5
244468, 11.7
244559, 9.6
251937, 11.6
252990, 9.2
253261, 11.4
253706, 11.3
253901, 9.2
258029, 13.6
258118, 13.6
258159, 13.6
258209, 13.6
258214, 13.6
258244, 13.6
258263, 13.6
258634, 9.3
258656, 13.6
258872, 11.4
258915, 9.3
258971, 11.6
258973, 11.3
258974, 11.6
258988, 13.6
259002, 11.3
259020, 11.6
259033, 11.6
259368, 9.7
259482, 13.6
259918, 13.6
260047, 10.7
260056, 10.7
260112, 10.7
260179, 10.7
260464, 11.6
260995, 10.3
261012, 10.3
261369, 10.4
261750, 10.6
261772, 12.1
262739, 10.4
262949, 11.0
263193, 11.0
264336, 11.8
265147, 11.6
267019, 12.3
267053, 12.3
267072, 12.3
269009, 11.1
269013, 11.1
269020, 11.1
269086, 10.7
274752, 8.3
275445, 9.2
275448, 9.7
275917, 11.2
275921, 10.6
275928, 11.2
276197, 11.3
276433, 11.1
282449, 10.8
282549, 10.8
284175, 9.3
285014, 11.5
285238, 12.0
286259, 10.6
286271, 10.6
286614, 11.5
291661, 11.5
297119, 10.7
297246, 10.7
297417, 10.7
298066, 12.4
298069, 12.1
298185, 12.1
298554, 9.8
298795, 12.1
299425, 11.4
299600, 11.4
300199, 9.9
300212, 11.4
300782, 10.8
300822, 10.8
300824, 10.8
302228, 11.7
302288, 12.1
302813, 7.4
302841, 11.8
303148, 11.5
303821, 10.8
303824, 10.8
303840, 10.8
305787, 12.1
305951, 10.3
306094, 10.3
306279, 11.2
306351, 12.0
307076, 10.6
307078, 10.6
307130, 10.3
307225, 9.7
307446, 11.9
307543, 11.9
307591, 11.9
308117, 10.6
308145, 11.9
309124, 11.9
310187, 10.6
311326, 10.6
313480, 10.6
313662, 10.6
313680, 10.6
313903, 10.5
313948, 11.7
315025, 12.4
315103, 12.4
315130, 11.9
318906, 10.3
324150, 11.0
326100, 11.6
326110, 11.6
326177, 11.6
331374, 11.6
331413, 11.1
331482, 11.1
332037, 11.1
332050, 11.9
332088, 11.1
332358, 11.1
332365, 11.1
332366, 11.1
332554, 11.0
332790, 11.6
333184, 11.0
333302, 11.9
334562, 11.8
335493, 11.0
336575, 11.1
337646, 8.5
337888, 11.1
337966, 10.6
337967, 10.2
337969, 10.4
339318, 12.5
339533, 10.0
340269, 11.2
340289, 10.6
344674, 10.1
344789, 10.1
344833, 10.1
345164, 11.4
345945, 11.4
345949, 10.1
346024, 11.4
346039, 10.1
346719, 10.1
347090, 11.7
347174, 11.7
349419, 8.3
349428, 8.3
349572, 8.3
351030, 10.7
353236, 9.3
354147, 9.7
354912, 11.6
355007, 11.6
355894, 10.8
371609, 11.5
372019, 11.5
372226, 11.3
372584, 11.7
372595, 12.0
372616, 11.7
375520, 12.0
376963, 11.4
377144, 10.4
378323, 10.3
381656, 11.0
382690, 11.5
383162, 10.1
387052, 11.8
393045, 13.3
393116, 8.8
393131, 8.8
394634, 13.3
394939, 8.7
394945, 13.3
395228, 9.7
395565, 10.1
398809, 11.7
399057, 11.7
399324, 8.3
399375, 11.7
403006, 12.2
404207, 13.3
406209, 10.7
407552, 13.3
412822, 7.2
422105, 8.1
424743, 8.1
427197, 10.0
427220, 10.0
427301, 10.0
431751, 9.4
436259, 10.8
436324, 10.2
436463, 10.6
436679, 10.5
436905, 9.6
436993, 9.6
437089, 9.6
437795, 10.7
437872, 10.7
438804, 10.7
438815, 10.7
438827, 10.7
448395, 11.4
451892, 11.8
451932, 11.0
455763, 10.3
456170, 10.5
456708, 10.5
456815, 10.5
457248, 11.2
457249, 11.2
457285, 11.2
460023, 9.4
461686, 11.2
463119, 10.7
466079, 10.8
467570, 12.1
467623, 11.2
468772, 10.8
468783, 11.3
468849, 10.8
469584, 11.2
470065, 9.3
